WL	QE	DSig	MSig	Mcorr	RPI	DSD	M SD	R SD	GC	ver. 1.4.1.56090
270.0	2.8845E+0	2.5442E-4	7.9947E-4	9.7400E-1	8.3676E-5	9.676	1.141	9.526	CB-CA-D-3-1
275.0	2.1448E+0	2.9314E-4	1.0726E-3	9.8885E-1	1.3364E-4	0.376	0.054	0.429	CB-CA-D-3-1
280.0	1.9553E+0	3.8783E-4	1.4132E-3	9.7713E-1	1.8938E-4	3.578	0.288	3.308	CB-CA-D-3-0
285.0	1.8932E+0	4.9325E-4	1.7780E-3	9.8433E-1	2.5243E-4	4.717	1.031	3.700	CB-CA-D-3-0
290.0	1.7660E+0	5.6728E-4	2.1342E-3	9.7736E-1	3.0685E-4	6.170	0.294	6.375	CB-CA-D-3-0
295.0	1.6377E+0	6.1461E-4	2.5032E-3	9.8768E-1	3.6609E-4	3.003	0.330	2.770	CB-CA-D-3-1
300.0	1.5915E+0	6.9287E-4	2.8843E-3	9.8858E-1	4.2547E-4	2.486	0.509	2.976	CB-CA-D-3-0
305.0	1.5549E+0	7.7704E-4	3.2454E-3	9.8595E-1	4.8577E-4	0.007	0.232	0.225	CB-CA-D-2-0
310.0	1.4944E+0	8.4122E-4	3.5449E-3	9.9071E-1	5.5251E-4	4.332	0.246	4.104	CB-CA-D-3-0
315.0	1.4460E+0	9.1638E-4	3.8256E-3	9.9067E-1	6.2196E-4	1.122	0.190	0.980	CB-CA-D-3-0
320.0	1.4307E+0	1.0119E-3	4.0704E-3	9.8483E-1	6.8600E-4	0.932	0.194	0.984	CB-CA-D-3-0
325.0	1.4144E+0	1.0842E-3	4.2653E-3	9.9450E-1	7.5816E-4	1.574	0.417	1.584	CB-CA-D-3-0
330.0	1.4334E+0	1.1896E-3	4.4792E-3	9.8725E-1	8.0893E-4	3.171	0.207	3.147	M-CA-D-3-1
335.0	1.3826E+0	1.2239E-3	4.6488E-3	9.9170E-1	8.7060E-4	2.181	0.074	2.203	M-CA-D-3-0
340.0	1.3719E+0	1.2859E-3	4.7949E-3	9.8810E-1	9.1514E-4	2.435	0.152	2.287	M-CA-D-3-0
345.0	1.3553E+0	1.3169E-3	4.8821E-3	9.9147E-1	9.5517E-4	2.573	0.449	2.143	M-CA-D-3-0
350.0	1.4050E+0	1.3850E-3	4.8946E-3	9.9489E-1	9.7572E-4	0.932	0.200	0.896	M-CA-D-3-0
355.0	1.4993E+0	1.4491E-3	4.7896E-3	9.8951E-1	9.4637E-4	1.948	0.175	2.125	M-CA-D-3-0
360.0	1.6185E+0	1.4807E-3	4.5361E-3	9.9031E-1	8.9724E-4	2.019	0.269	1.756	CA-CA-D-3-1
365.0	1.8961E+0	1.4792E-3	3.9849E-3	9.9213E-1	7.6790E-4	0.370	0.300	0.294	M-CA-D-3-0
370.0	2.4220E+0	1.3251E-3	3.0245E-3	9.9105E-1	5.3734E-4	2.491	0.390	2.197	CA-CA-D-3-0
375.0	3.2999E+0	1.0035E-3	1.9063E-3	9.8920E-1	2.9758E-4	1.046	0.438	0.617	M-CA-D-3-0
380.0	6.7244E+0	2.7265E-2	2.7563E-2	9.9628E-1	4.0245E-3	0.473	0.433	0.053	CA-CA-D-3-0
385.0	9.3416E+0	4.1138E-2	3.5332E-2	9.9928E-1	4.3974E-3	0.581	0.548	0.068	CA-CA-D-3-0
390.0	1.2306E+1	5.8315E-2	4.4027E-2	9.9647E-1	4.7053E-3	0.514	0.452	0.063	B-CA-D-3-0
395.0	1.5605E+1	7.6686E-2	5.2299E-2	9.9914E-1	4.9056E-3	0.172	0.181	0.027	B-B-D-3-0
400.0	1.9182E+1	9.7906E-2	6.1553E-2	9.9674E-1	5.0709E-3	0.465	0.484	0.019	B-B-D-3-1
405.0	2.3050E+1	1.2265E-1	7.2353E-2	9.9970E-1	5.3179E-3	0.130	0.117	0.016	B-B-D-3-0
410.0	2.6696E+1	1.4788E-1	8.3252E-2	9.9400E-1	5.4729E-3	0.237	0.227	0.014	B-B-D-3-0
415.0	3.0151E+1	1.7110E-1	9.3094E-2	9.9541E-1	5.6227E-3	0.399	0.402	0.004	B-B-D-3-0
420.0	3.3852E+1	1.9537E-1	1.0322E-1	9.9712E-1	5.7381E-3	0.244	0.247	0.007	B-B-D-3-1
425.0	3.7468E+1	2.2076E-1	1.1399E-1	9.9832E-1	5.8723E-3	0.285	0.302	0.020	B-B-D-3-0
430.0	4.0948E+1	2.4967E-1	1.2661E-1	9.9516E-1	6.0384E-3	0.179	0.180	0.007	B-B-D-3-0
435.0	4.4035E+1	2.7699E-1	1.3867E-1	9.9550E-1	6.2338E-3	0.095	0.105	0.012	B-B-D-3-1
440.0	4.7198E+1	3.1079E-1	1.5384E-1	9.9463E-1	6.5143E-3	0.091	0.093	0.002	B-B-D-3-1
445.0	5.0137E+1	3.4845E-1	1.7104E-1	1.0018E+0	6.9750E-3	0.301	0.307	0.008	B-B-D-3-0
450.0	5.2970E+1	3.7977E-1	1.8515E-1	1.0040E+0	7.2273E-3	0.524	0.533	0.012	B-B-D-3-0
455.0	5.5513E+1	4.2709E-1	2.0704E-1	1.0005E+0	7.7009E-3	0.133	0.130	0.004	B-B-D-3-0
460.0	5.8039E+1	4.9307E-1	2.3813E-1	9.9695E-1	8.4437E-3	0.233	0.218	0.015	A-B-D-3-0
465.0	6.0315E+1	5.1628E-1	2.4825E-1	1.0023E+0	8.5989E-3	0.649	0.620	0.030	A-B-D-3-0
470.0	6.2660E+1	4.9461E-1	2.3719E-1	1.0062E+0	7.9914E-3	0.382	0.367	0.016	A-B-D-3-0
475.0	6.4830E+1	4.9250E-1	2.3598E-1	1.0053E+0	7.6770E-3	0.426	0.409	0.018	A-B-D-3-0
480.0	6.6945E+1	5.0058E-1	2.3984E-1	1.0050E+0	7.5522E-3	0.257	0.246	0.011	A-B-D-3-0
485.0	6.8862E+1	5.1020E-1	2.4462E-1	9.9882E-1	7.3916E-3	0.534	0.511	0.023	A-B-D-3-0
490.0	7.0824E+1	5.1187E-1	2.4571E-1	9.9964E-1	7.2221E-3	0.469	0.458	0.011	A-B-D-3-0
495.0	7.2603E+1	5.0381E-1	2.4234E-1	9.9899E-1	6.9253E-3	0.140	0.129	0.012	A-B-D-3-2
500.0	7.4267E+1	5.0762E-1	2.4483E-1	1.0008E+0	6.8454E-3	0.293	0.282	0.011	A-B-D-3-1
505.0	7.5810E+1	5.1289E-1	2.4816E-1	1.0022E+0	6.7956E-3	0.463	0.447	0.016	A-B-D-3-0
510.0	7.7288E+1	5.2143E-1	2.5318E-1	9.9786E-1	6.7178E-3	0.010	0.015	0.005	A-B-D-2-0
515.0	7.8519E+1	5.2387E-1	2.5547E-1	1.0021E+0	6.7003E-3	0.298	0.287	0.010	A-B-D-3-0
520.0	7.9818E+1	5.2937E-1	2.5913E-1	9.9732E-1	6.5967E-3	0.032	0.030	0.004	A-B-D-3-1
525.0	8.0931E+1	5.2900E-1	2.5975E-1	9.9886E-1	6.5215E-3	0.103	0.097	0.006	A-B-D-3-1
530.0	8.1949E+1	5.2820E-1	2.6022E-1	9.9938E-1	6.4376E-3	0.253	0.246	0.009	A-B-D-3-0
535.0	8.3030E+1	5.2824E-1	2.6107E-1	9.9964E-1	6.3574E-3	0.184	0.172	0.013	A-B-D-3-0
540.0	8.3797E+1	5.2195E-1	2.5908E-1	1.0034E+0	6.2709E-3	0.258	0.249	0.009	A-B-D-3-0
545.0	8.4583E+1	5.1111E-1	2.5499E-1	1.0046E+0	6.0989E-3	0.102	0.098	0.004	A-B-D-3-0
550.0	8.5329E+1	4.9951E-1	2.5067E-1	9.9935E-1	5.8464E-3	0.361	0.344	0.017	A-B-D-3-1
555.0	8.5971E+1	4.8313E-1	2.4362E-1	9.9921E-1	5.6108E-3	0.211	0.212	0.001	B-B-D-3-1
560.0	8.6661E+1	4.6361E-1	2.3534E-1	1.0016E+0	5.3666E-3	0.357	0.364	0.008	B-B-D-3-1
565.0	8.7231E+1	4.4283E-1	2.2644E-1	1.0036E+0	5.1131E-3	0.008	0.007	0.002	B-B-D-2-0
570.0	8.7579E+1	4.2193E-1	2.1788E-1	9.9658E-1	4.7849E-3	0.133	0.125	0.008	B-B-D-3-0
575.0	8.7612E+1	5.2774E-1	2.7772E-1	9.9513E-1	5.9651E-3	0.215	0.213	0.003	A-B-D-3-0
580.0	8.8106E+1	5.2405E-1	2.7568E-1	1.0010E+0	5.9601E-3	0.167	0.160	0.007	A-B-D-3-0
585.0	8.8595E+1	5.2487E-1	2.7494E-1	9.9670E-1	5.8854E-3	0.185	0.169	0.017	A-B-D-3-1
590.0	8.9042E+1	5.2061E-1	2.7183E-1	9.9741E-1	5.8165E-3	0.287	0.273	0.014	A-B-D-3-0
595.0	8.9233E+1	5.1620E-1	2.6954E-1	9.9667E-1	5.7463E-3	0.459	0.436	0.024	A-B-D-3-1
600.0	8.9524E+1	5.0922E-1	2.6685E-1	1.0020E+0	5.7111E-3	0.169	0.163	0.012	A-B-D-3-1
605.0	8.9368E+1	3.9922E-1	3.1584E-1	9.9564E-1	4.4282E-3	0.127	0.133	0.006	B-B-D-3-2
610.0	8.9653E+1	4.1353E-1	3.2625E-1	9.9951E-1	4.6080E-3	0.290	0.321	0.031	B-B-D-3-0
615.0	8.9797E+1	4.2875E-1	3.3742E-1	9.9169E-1	4.6956E-3	0.141	0.146	0.005	B-B-D-3-1
620.0	8.9902E+1	4.4009E-1	3.4478E-1	9.9626E-1	4.8587E-3	0.254	0.268	0.013	B-B-D-3-0
625.0	9.0074E+1	4.5354E-1	3.5179E-1	9.9502E-1	4.9852E-3	0.195	0.208	0.013	B-B-D-3-0
630.0	9.0431E+1	4.5567E-1	3.5677E-1	9.9690E-1	5.0077E-3	0.490	0.524	0.034	B-B-D-3-1
635.0	9.0398E+1	4.3676E-1	3.5640E-1	9.9758E-1	4.8081E-3	0.099	0.108	0.009	B-B-D-3-0
640.0	9.0325E+1	4.2380E-1	3.6155E-1	9.9307E-1	4.6272E-3	0.125	0.128	0.005	B-B-D-3-1
645.0	9.0196E+1	4.0978E-1	3.6552E-1	9.9518E-1	4.4995E-3	0.095	0.104	0.009	B-B-D-3-1
650.0	9.0136E+1	3.8428E-1	3.5628E-1	9.9871E-1	4.2523E-3	0.119	0.124	0.005	B-B-D-3-0
655.0	8.9992E+1	3.7208E-1	3.5567E-1	9.9297E-1	4.0767E-3	0.226	0.251	0.026	B-B-D-3-1
660.0	8.9944E+1	3.7157E-1	3.6034E-1	1.0009E+0	4.1382E-3	0.073	0.077	0.007	B-B-D-3-1
665.0	8.9865E+1	3.8062E-1	3.6837E-1	9.9215E-1	4.1692E-3	0.093	0.100	0.007	B-B-D-3-0
670.0	8.9782E+1	3.9104E-1	3.7264E-1	9.9714E-1	4.3306E-3	0.278	0.300	0.023	B-B-D-3-0
675.0	8.9786E+1	4.1568E-1	3.8604E-1	9.9389E-1	4.5733E-3	0.428	0.468	0.040	B-B-D-3-0
680.0	8.9642E+1	4.4572E-1	4.0285E-1	9.9163E-1	4.8893E-3	0.227	0.256	0.029	B-B-D-3-1
685.0	8.9751E+1	4.5343E-1	3.9816E-1	9.9200E-1	4.9716E-3	0.245	0.271	0.026	B-B-D-3-1
690.0	8.9624E+1	4.4515E-1	3.8132E-1	9.8588E-1	4.8276E-3	0.158	0.170	0.012	B-B-D-3-0
695.0	8.9655E+1	4.3472E-1	3.6385E-1	9.9442E-1	4.7948E-3	0.343	0.368	0.025	B-B-D-3-0
700.0	8.9609E+1	4.3649E-1	3.5900E-1	9.9818E-1	4.8534E-3	0.416	0.451	0.035	B-B-D-3-1
705.0	8.9547E+1	4.6120E-1	3.7417E-1	9.9605E-1	5.1098E-3	0.333	0.355	0.022	B-B-D-3-0
710.0	8.9373E+1	4.8429E-1	3.8938E-1	9.9316E-1	5.3449E-3	0.132	0.148	0.016	B-B-D-3-0
715.0	8.9175E+1	4.6473E-1	3.7062E-1	9.9965E-1	5.2079E-3	1.278	1.244	0.036	B-B-D-3-1
720.0	8.9020E+1	4.4549E-1	3.5327E-1	1.0195E+0	5.2014E-3	0.514	0.540	0.026	B-B-D-3-1
725.0	8.9024E+1	4.8533E-1	3.8339E-1	1.0117E+0	5.5802E-3	0.327	0.353	0.026	M-B-D-3-1
730.0	8.8796E+1	5.1261E-1	4.0461E-1	9.9291E-1	5.6913E-3	0.354	0.333	0.021	A-B-D-3-0
735.0	8.8803E+1	4.8741E-1	3.8330E-1	9.8893E-1	5.3678E-3	0.273	0.293	0.020	B-B-D-3-0
740.0	8.8607E+1	4.7901E-1	3.7671E-1	9.8759E-1	5.2726E-3	0.092	0.101	0.013	B-B-D-3-1
745.0	8.8422E+1	4.6835E-1	3.6850E-1	9.8562E-1	5.1455E-3	0.223	0.231	0.008	B-B-D-3-0
750.0	8.8169E+1	4.5244E-1	3.5664E-1	9.8702E-1	4.9991E-3	0.133	0.141	0.009	B-B-D-3-0
755.0	8.8016E+1	4.8833E-1	3.8653E-1	9.9393E-1	5.4810E-3	0.218	0.283	0.097	M-B-D-3-1
760.0	8.7864E+1	6.1210E-1	4.8689E-1	9.8544E-1	6.7651E-3	0.225	0.283	0.058	A-M-D-3-0
765.0	8.7633E+1	4.5734E-1	3.6432E-1	9.7554E-1	4.9666E-3	0.044	0.119	0.098	M-B-D-3-0
770.0	8.7496E+1	3.7615E-1	3.0060E-1	9.8027E-1	4.1311E-3	0.467	0.498	0.031	B-B-D-3-1
775.0	8.7168E+1	3.5218E-1	2.8280E-1	9.8703E-1	3.9362E-3	0.182	0.181	0.007	B-B-D-3-0
780.0	8.6980E+1	3.5609E-1	2.8744E-1	9.9086E-1	4.0194E-3	0.305	0.324	0.019	B-B-D-3-1
785.0	8.6665E+1	3.8954E-1	3.1637E-1	9.8944E-1	4.4003E-3	0.115	0.119	0.007	B-B-D-3-0
790.0	8.6522E+1	3.7718E-1	3.0767E-1	9.9032E-1	4.2754E-3	0.050	0.049	0.004	B-B-D-3-1
795.0	8.6165E+1	3.7939E-1	3.1107E-1	9.8497E-1	4.2718E-3	0.248	0.269	0.023	B-B-D-3-1
800.0	8.5954E+1	3.5628E-1	2.9306E-1	9.8968E-1	4.0599E-3	0.218	0.231	0.014	B-B-D-3-0
805.0	8.5597E+1	3.6378E-1	3.0017E-1	9.9396E-1	4.1987E-3	0.133	0.145	0.013	B-B-D-3-0
810.0	8.5356E+1	4.4727E-1	3.7014E-1	1.0186E+0	5.4368E-3	0.138	0.148	0.012	B-B-D-3-0
815.0	8.5011E+1	1.3330E+0	1.1119E+0	1.0480E+0	1.7221E-2	0.067	0.076	0.009	A-A-D-3-0
820.0	8.4860E+1	2.3448E+0	1.9595E+0	9.8342E-1	2.6723E-2	0.190	0.201	0.012	A-A-D-3-1
825.0	8.4416E+1	1.3873E+0	1.1519E+0	9.5668E-1	1.5041E-2	0.584	0.614	0.029	A-A-D-3-0
830.0	8.4016E+1	9.5696E-1	7.8982E-1	9.7944E-1	1.0927E-2	0.609	0.642	0.033	A-A-D-3-0
835.0	8.3789E+1	6.6583E-1	5.4525E-1	9.8940E-1	7.7790E-3	0.284	0.299	0.016	A-A-D-3-1
840.0	8.3287E+1	4.3203E-1	3.5064E-1	9.5467E-1	4.7276E-3	0.373	0.320	0.092	M-B-D-3-0
845.0	8.2851E+1	2.9478E-1	2.3570E-1	9.8822E-1	3.4746E-3	0.121	0.129	0.009	B-B-D-3-1
850.0	8.2511E+1	2.8974E-1	2.2892E-1	9.8697E-1	3.4205E-3	0.096	0.104	0.008	B-B-D-3-0
855.0	8.2091E+1	3.1503E-1	2.4551E-1	9.9550E-1	3.8030E-3	0.099	0.100	0.004	B-B-D-3-0
860.0	8.1596E+1	3.7186E-1	2.8556E-1	1.0114E+0	4.6619E-3	0.009	0.006	0.003	B-B-D-2-0
865.0	8.1013E+1	4.9828E-1	3.7715E-1	1.0098E+0	6.2721E-3	0.357	0.359	0.003	A-B-D-3-0
870.0	8.0632E+1	7.6647E-1	5.6898E-1	1.0148E+0	9.7888E-3	0.356	0.379	0.023	A-A-D-3-1
875.0	8.0317E+1	2.3172E+0	1.6999E+0	1.0466E+0	3.1601E-2	0.303	0.320	0.017	A-A-D-3-2
880.0	7.9921E+1	2.7168E+0	1.9724E+0	9.7070E-1	3.2030E-2	0.393	0.414	0.021	A-A-D-3-0
885.0	7.9254E+1	1.4150E+0	1.0011E+0	9.9087E-1	1.7529E-2	0.493	0.517	0.024	A-A-D-3-0
890.0	7.8688E+1	1.8492E+0	1.2892E+0	9.9900E-1	2.3453E-2	0.117	0.120	0.004	A-A-D-3-1
895.0	7.7942E+1	1.6041E+0	1.1010E+0	9.9924E-1	2.0550E-2	0.080	0.087	0.008	A-A-D-3-1
900.0	7.7538E+1	2.0884E+0	1.4149E+0	9.8909E-1	2.6350E-2	0.322	0.338	0.016	A-A-D-3-0
905.0	7.6786E+1	1.3507E+0	9.0038E-1	9.8733E-1	1.7147E-2	0.275	0.288	0.015	A-A-D-3-0
910.0	7.6153E+1	2.4742E+0	1.6322E+0	1.0140E+0	3.3407E-2	0.172	0.179	0.007	A-A-D-3-0
915.0	7.5642E+1	2.1904E+0	1.4335E+0	9.5835E-1	2.6595E-2	0.310	0.326	0.017	A-A-D-3-0
920.0	7.4784E+1	1.0865E+0	7.0052E-1	9.8917E-1	1.4215E-2	0.128	0.135	0.007	A-A-D-3-0
925.0	7.3847E+1	8.1800E-1	5.2238E-1	1.0003E+0	1.1084E-2	0.444	0.460	0.019	A-A-D-3-0
930.0	7.2822E+1	9.3326E-1	5.9258E-1	1.0138E+0	1.3173E-2	0.094	0.093	0.004	A-A-D-3-1
935.0	7.2034E+1	1.3126E+0	8.2933E-1	1.0066E+0	1.8463E-2	0.159	0.163	0.004	A-A-D-3-0
940.0	7.0891E+1	1.3935E+0	8.7724E-1	9.9544E-1	1.9478E-2	0.349	0.374	0.026	A-A-D-3-1
945.0	6.9959E+1	1.4310E+0	9.0071E-1	9.9722E-1	2.0342E-2	0.522	0.551	0.030	A-A-D-3-0
950.0	6.8764E+1	1.2191E+0	7.6816E-1	9.8076E-1	1.7054E-2	0.442	0.469	0.027	A-A-D-3-0
955.0	6.7548E+1	8.3597E-1	5.2691E-1	9.8204E-1	1.1936E-2	0.575	0.607	0.032	A-A-D-3-1
960.0	6.6166E+1	7.3702E-1	4.6752E-1	1.0015E+0	1.1172E-2	0.241	0.245	0.004	A-B-D-3-2
965.0	6.4612E+1	9.1445E-1	5.8390E-1	1.0067E+0	1.4343E-2	0.336	0.359	0.023	A-A-D-3-2
970.0	6.3047E+1	1.3896E+0	8.9399E-1	1.0217E+0	2.3011E-2	0.431	0.461	0.031	A-A-D-3-2
975.0	6.1694E+1	2.6448E+0	1.7180E+0	9.9571E-1	4.2503E-2	0.492	0.531	0.040	A-A-D-3-0
980.0	5.9762E+1	1.4099E+0	9.1911E-1	9.5980E-1	2.1733E-2	0.212	0.230	0.018	A-A-D-3-0
985.0	5.7667E+1	2.1313E+0	1.4100E+0	1.0381E+0	3.9832E-2	0.394	0.426	0.032	A-A-D-3-0
990.0	5.6185E+1	2.1774E+0	1.4485E+0	9.5357E-1	3.5239E-2	0.102	0.108	0.007	A-A-D-3-0
995.0	5.3991E+1	9.0190E-1	6.0341E-1	9.5779E-1	1.5324E-2	0.258	0.283	0.026	A-A-D-3-0
1000.0	5.1762E+1	6.2921E-1	4.2608E-1	9.8899E-1	1.1890E-2	0.170	0.177	0.007	A-B-D-3-1
1005.0	4.9661E+1	6.6424E-1	4.5443E-1	1.0001E+0	1.3378E-2	0.231	0.240	0.009	A-B-D-3-0
1010.0	4.7526E+1	6.6825E-1	4.5980E-1	9.8399E-1	1.3614E-2	0.093	0.094	0.002	A-B-D-3-0
1015.0	4.5411E+1	4.8056E-1	3.3078E-1	9.7737E-1	1.0109E-2	0.203	0.178	0.072	M-B-D-3-0
1020.0	4.3063E+1	3.5324E-1	2.4256E-1	9.8075E-1	7.8900E-3	0.176	0.206	0.030	B-B-D-3-0
1025.0	4.0732E+1	3.0293E-1	2.0738E-1	9.8019E-1	7.1455E-3	0.111	0.123	0.012	B-B-D-3-1
1030.0	3.8387E+1	2.7028E-1	1.8372E-1	9.7954E-1	6.7557E-3	0.119	0.132	0.014	B-B-D-3-0
1035.0	3.5955E+1	2.3912E-1	1.6067E-1	9.8041E-1	6.3926E-3	0.401	0.440	0.040	B-B-D-3-2
1040.0	3.3411E+1	2.2807E-1	1.5119E-1	9.8458E-1	6.6173E-3	0.372	0.444	0.072	B-B-D-3-1
1045.0	3.0774E+1	2.4063E-1	1.5720E-1	9.8516E-1	7.5889E-3	0.326	0.368	0.042	B-B-D-3-0
1050.0	2.8205E+1	2.2885E-1	1.4718E-1	9.7767E-1	7.7555E-3	0.084	0.108	0.028	B-B-D-3-0
1055.0	2.5411E+1	1.7072E-1	1.0811E-1	9.6648E-1	6.2754E-3	0.200	0.239	0.040	B-B-D-3-0
1060.0	2.2695E+1	1.3639E-1	8.4130E-2	9.6508E-1	5.5973E-3	0.064	0.080	0.016	B-B-D-3-2
1065.0	2.0436E+1	1.2239E-1	7.3668E-2	9.7531E-1	5.6970E-3	0.454	0.553	0.099	B-B-D-3-0
1070.0	1.8582E+1	1.2060E-1	7.1380E-2	9.8149E-1	6.2520E-3	0.312	0.377	0.067	B-B-D-3-0
1075.0	1.6806E+1	1.4115E-1	8.2196E-2	9.8950E-1	8.2231E-3	0.127	0.158	0.031	B-B-D-3-1
1080.0	1.5308E+1	1.5932E-1	9.1549E-2	9.6478E-1	9.6878E-3	0.319	0.375	0.058	B-B-D-3-1
1085.0	1.3758E+1	1.1556E-1	6.5462E-2	9.6180E-1	7.7702E-3	0.331	0.378	0.049	B-B-D-3-0
1090.0	1.2441E+1	8.3106E-2	4.6474E-2	9.6046E-1	6.1623E-3	0.324	0.411	0.104	B-M-D-3-0
1095.0	1.1042E+1	5.8296E-2	3.2236E-2	9.6815E-1	4.9487E-3	0.329	0.388	0.080	B-CA-D-3-1
1100.0	9.8560E+0	5.6410E-2	3.0803E-2	9.7430E-1	5.4330E-3	0.339	0.353	0.041	B-CA-D-3-1
end data
Jsc [mA/cm2]:  30.84	27.94	36.48
Bandgap [eV]:  1.179
Power Mode Calibration
Monitor Corrections:  On
Chopping Frequency [Hz]:  101.01
Light Bias Current [mA]:  -0.02
Voltage Bias [V]:  0.00
Meas Period [s]:  0.5
Readings per WL:  3
Scan Duration [s]:  490
Calibration Info:  qecal.txt 09/22/2017 13:48:35
Stage Temp[C]:  (not measured)
Background Signal Levels (D1 D2 M1 M2 R1 R2):  -1.263E-5	-1.481E-5	1.881E-6	6.590E-6	-1.263E-5	-1.481E-5
CC Bias Light Settings:  0.0	0.0	0.0	0.0	0.0
Standard micrometer-adjustable slits
Device ID:  SC31_gr2_c1_dark
